*Aantal gewassen
      16
*Namen
'grass                    ' 
'corn                     '
'potatoes                 '
'sugarbeet                '
'grain                    '
'miscellaneous            '
'non-arable land          '
'greenhouse area          '
'orchard                  '
'bulbous plants           '
'foliage forest           '
'pine forest              '
'nature                   '
'fallow                   '
'vegetables               '
'flowers                  '
*Gemiddelde                    1        2        3        4        5        6        7        8        9        10       11       12       13       14       15       16
    1996        1        1     0.00     0.00     0.00     0.00     0.00     0.00     0.00     0.00     0.00     0.00     0.00     0.00     0.00     0.00     0.00     0.00
    1996        1        2     0.00     0.00     0.00     0.00     0.00     0.00     0.00     0.00     0.00     0.00     0.00     0.00     0.00     0.00     0.00     0.00
    1996        1        3     0.00     0.00     0.00     0.00     0.00     0.00     0.00     0.00     0.00     0.00     0.00     0.00     0.00     0.00     0.00     0.00
    1996        1        4     0.00     0.00     0.00     0.00     0.00     0.00     0.00     0.00     0.00     0.00     0.00     0.00     0.00     0.00     0.00     0.00
    1996        1        5     0.00     0.00     0.00     0.00     0.00     0.00     0.00     0.00     0.00     0.00     0.00     0.00     0.00     0.00     0.00     0.00
    1996        1        6     0.00     0.00     0.00     0.00     0.00     0.00     0.00     0.00     0.00     0.00     0.00     0.00     0.00     0.00     0.00     0.00
    1996        1        7     0.00     0.00     0.00     0.00     0.00     0.00     0.00     0.00     0.00     0.00     0.00     0.00     0.00     0.00     0.00     0.00
    1996        1        8     0.00     0.00     0.00     0.00     0.00     0.00     0.00     0.00     0.00     0.00     0.00     0.00     0.00     0.00     0.00     0.00
    1996        1        9     0.00     0.00     0.00     0.00     0.00     0.00     0.00     0.00     0.00     0.00     0.00     0.00     0.00     0.00     0.00     0.00
    1996        1       10     0.00     0.00     0.00     0.00     0.00     0.00     0.00     0.00     0.00     0.00     0.00     0.00     0.00     0.00     0.00     0.00
    1996        1       11     0.35     0.40     0.40     0.40     0.40     0.40     0.40     0.00     0.35     0.40     0.35     0.40     0.35     0.40     0.35     0.00
    1996        1       12     0.35     0.40     0.40     0.40     0.40     0.40     0.40     0.00     0.35     0.40     0.35     0.40     0.35     0.40     0.35     0.00
    1996        1       13     0.35     0.40     0.40     0.40     0.40     0.40     0.40     0.00     0.35     0.40     0.35     0.40     0.35     0.40     0.35     0.00
    1996        1       14     0.35     0.40     0.40     0.40     0.40     0.40     0.40     0.00     0.35     0.40     0.35     0.40     0.35     0.40     0.35     0.00
    1996        1       15     0.35     0.40     0.40     0.40     0.40     0.40     0.40     0.00     0.35     0.40     0.35     0.40     0.35     0.40     0.35     0.00
    1996        1       16     0.35     0.40     0.40     0.40     0.40     0.40     0.40     0.00     0.35     0.40     0.35     0.40     0.35     0.40     0.35     0.00
    1996        1       17     0.35     0.40     0.40     0.40     0.40     0.40     0.40     0.00     0.35     0.40     0.35     0.40     0.35     0.40     0.35     0.00
    1996        1       18     0.35     0.40     0.40     0.40     0.40     0.40     0.40     0.00     0.35     0.40     0.35     0.40     0.35     0.40     0.35     0.00
    1996        1       19     0.35     0.40     0.40     0.40     0.40     0.40     0.40     0.00     0.35     0.40     0.35     0.40     0.35     0.40     0.35     0.00
    1996        1       20     0.35     0.40     0.40     0.40     0.40     0.40     0.40     0.00     0.35     0.40     0.35     0.40     0.35     0.40     0.35     0.00
    1996        1       21     0.49     0.56     0.56     0.56     0.56     0.56     0.56     0.00     0.49     0.56     0.49     0.56     0.49     0.56     0.49     0.00
    1996        1       22     0.49     0.56     0.56     0.56     0.56     0.56     0.56     0.00     0.49     0.56     0.49     0.56     0.49     0.56     0.49     0.00
    1996        1       23     0.49     0.56     0.56     0.56     0.56     0.56     0.56     0.00     0.49     0.56     0.49     0.56     0.49     0.56     0.49     0.00
    1996        1       24     0.49     0.56     0.56     0.56     0.56     0.56     0.56     0.00     0.49     0.56     0.49     0.56     0.49     0.56     0.49     0.00
    1996        1       25     0.49     0.56     0.56     0.56     0.56     0.56     0.56     0.00     0.49     0.56     0.49     0.56     0.49     0.56     0.49     0.00
    1996        1       26     0.49     0.56     0.56     0.56     0.56     0.56     0.56     0.00     0.49     0.56     0.49     0.56     0.49     0.56     0.49     0.00
    1996        1       27     0.49     0.56     0.56     0.56     0.56     0.56     0.56     0.00     0.49     0.56     0.49     0.56     0.49     0.56     0.49     0.00
    1996        1       28     0.49     0.56     0.56     0.56     0.56     0.56     0.56     0.00     0.49     0.56     0.49     0.56     0.49     0.56     0.49     0.00
    1996        1       29     0.49     0.56     0.56     0.56     0.56     0.56     0.56     0.00     0.49     0.56     0.49     0.56     0.49     0.56     0.49     0.00
    1996        1       30     0.49     0.56     0.56     0.56     0.56     0.56     0.56     0.00     0.49     0.56     0.49     0.56     0.49     0.56     0.49     0.00
    1996        1       31     0.49     0.56     0.56     0.56     0.56     0.56     0.56     0.00     0.49     0.56     0.49     0.56     0.49     0.56     0.49     0.00
    1996        2        1     0.56     0.64     0.64     0.64     0.64     0.64     0.64     0.00     0.56     0.64     0.56     0.64     0.56     0.64     0.56     0.00
    1996        2        2     0.56     0.64     0.64     0.64     0.64     0.64     0.64     0.00     0.56     0.64     0.56     0.64     0.56     0.64     0.56     0.00
    1996        2        3     0.56     0.64     0.64     0.64     0.64     0.64     0.64     0.00     0.56     0.64     0.56     0.64     0.56     0.64     0.56     0.00
    1996        2        4     0.56     0.64     0.64     0.64     0.64     0.64     0.64     0.00     0.56     0.64     0.56     0.64     0.56     0.64     0.56     0.00
    1996        2        5     0.56     0.64     0.64     0.64     0.64     0.64     0.64     0.00     0.56     0.64     0.56     0.64     0.56     0.64     0.56     0.00
    1996        2        6     0.56     0.64     0.64     0.64     0.64     0.64     0.64     0.00     0.56     0.64     0.56     0.64     0.56     0.64     0.56     0.00
    1996        2        7     0.56     0.64     0.64     0.64     0.64     0.64     0.64     0.00     0.56     0.64     0.56     0.64     0.56     0.64     0.56     0.00
    1996        2        8     0.56     0.64     0.64     0.64     0.64     0.64     0.64     0.00     0.56     0.64     0.56     0.64     0.56     0.64     0.56     0.00
    1996        2        9     0.56     0.64     0.64     0.64     0.64     0.64     0.64     0.00     0.56     0.64     0.56     0.64     0.56     0.64     0.56     0.00
    1996        2       10     0.56     0.64     0.64     0.64     0.64     0.64     0.64     0.00     0.56     0.64     0.56     0.64     0.56     0.64     0.56     0.00
    1996        2       11     0.70     0.80     0.80     0.80     0.80     0.80     0.80     0.00     0.70     0.80     0.70     0.80     0.70     0.80     0.70     0.00
    1996        2       12     0.70     0.80     0.80     0.80     0.80     0.80     0.80     0.00     0.70     0.80     0.70     0.80     0.70     0.80     0.70     0.00
    1996        2       13     0.70     0.80     0.80     0.80     0.80     0.80     0.80     0.00     0.70     0.80     0.70     0.80     0.70     0.80     0.70     0.00
    1996        2       14     0.70     0.80     0.80     0.80     0.80     0.80     0.80     0.00     0.70     0.80     0.70     0.80     0.70     0.80     0.70     0.00
    1996        2       15     0.70     0.80     0.80     0.80     0.80     0.80     0.80     0.00     0.70     0.80     0.70     0.80     0.70     0.80     0.70     0.00
    1996        2       16     0.70     0.80     0.80     0.80     0.80     0.80     0.80     0.00     0.70     0.80     0.70     0.80     0.70     0.80     0.70     0.00
    1996        2       17     0.70     0.80     0.80     0.80     0.80     0.80     0.80     0.00     0.70     0.80     0.70     0.80     0.70     0.80     0.70     0.00
    1996        2       18     0.70     0.80     0.80     0.80     0.80     0.80     0.80     0.00     0.70     0.80     0.70     0.80     0.70     0.80     0.70     0.00
    1996        2       19     0.70     0.80     0.80     0.80     0.80     0.80     0.80     0.00     0.70     0.80     0.70     0.80     0.70     0.80     0.70     0.00
    1996        2       20     0.70     0.80     0.80     0.80     0.80     0.80     0.80     0.00     0.70     0.80     0.70     0.80     0.70     0.80     0.70     0.00
    1996        2       21     0.70     0.70     0.70     0.70     0.70     0.80     0.70     0.00     0.70     0.70     0.70     0.80     0.70     0.80     0.70     0.00
    1996        2       22     0.70     0.70     0.70     0.70     0.70     0.80     0.70     0.00     0.70     0.70     0.70     0.80     0.70     0.80     0.70     0.00
    1996        2       23     0.70     0.70     0.70     0.70     0.70     0.80     0.70     0.00     0.70     0.70     0.70     0.80     0.70     0.80     0.70     0.00
    1996        2       24     0.70     0.70     0.70     0.70     0.70     0.80     0.70     0.00     0.70     0.70     0.70     0.80     0.70     0.80     0.70     0.00
    1996        2       25     0.70     0.70     0.70     0.70     0.70     0.80     0.70     0.00     0.70     0.70     0.70     0.80     0.70     0.80     0.70     0.00
    1996        2       26     0.70     0.70     0.70     0.70     0.70     0.80     0.70     0.00     0.70     0.70     0.70     0.80     0.70     0.80     0.70     0.00
    1996        2       27     0.70     0.70     0.70     0.70     0.70     0.80     0.70     0.00     0.70     0.70     0.70     0.80     0.70     0.80     0.70     0.00
    1996        2       28     0.70     0.70     0.70     0.70     0.70     0.80     0.70     0.00     0.70     0.70     0.70     0.80     0.70     0.80     0.70     0.00
    1996        2       29     0.70     0.70     0.70     0.70     0.70     0.80     0.70     0.00     0.70     0.70     0.70     0.80     0.70     0.80     0.70     0.00
    1996        3        1     0.84     0.72     0.72     0.72     0.72     0.96     0.72     0.00     0.84     0.48     0.84     0.96     0.84     0.96     0.84     0.00
    1996        3        2     0.84     0.72     0.72     0.72     0.72     0.96     0.72     0.00     0.84     0.48     0.84     0.96     0.84     0.96     0.84     0.00
    1996        3        3     0.84     0.72     0.72     0.72     0.72     0.96     0.72     0.00     0.84     0.48     0.84     0.96     0.84     0.96     0.84     0.00
    1996        3        4     0.84     0.72     0.72     0.72     0.72     0.96     0.72     0.00     0.84     0.48     0.84     0.96     0.84     0.96     0.84     0.00
    1996        3        5     0.84     0.72     0.72     0.72     0.72     0.96     0.72     0.00     0.84     0.48     0.84     0.96     0.84     0.96     0.84     0.00
    1996        3        6     0.84     0.72     0.72     0.72     0.72     0.96     0.72     0.00     0.84     0.48     0.84     0.96     0.84     0.96     0.84     0.00
    1996        3        7     0.84     0.72     0.72     0.72     0.72     0.96     0.72     0.00     0.84     0.48     0.84     0.96     0.84     0.96     0.84     0.00
    1996        3        8     0.84     0.72     0.72     0.72     0.72     0.96     0.72     0.00     0.84     0.48     0.84     0.96     0.84     0.96     0.84     0.00
    1996        3        9     0.84     0.72     0.72     0.72     0.72     0.96     0.72     0.00     0.84     0.48     0.84     0.96     0.84     0.96     0.84     0.00
    1996        3       10     0.84     0.72     0.72     0.72     0.72     0.96     0.72     0.00     0.84     0.48     0.84     0.96     0.84     0.96     0.84     0.00
    1996        3       11     0.91     0.65     0.65     0.65     0.65     1.04     0.65     0.00     0.91     0.65     0.91     1.04     0.91     1.04     0.91     0.00
    1996        3       12     0.91     0.65     0.65     0.65     0.65     1.04     0.65     0.00     0.91     0.65     0.91     1.04     0.91     1.04     0.91     0.00
    1996        3       13     0.91     0.65     0.65     0.65     0.65     1.04     0.65     0.00     0.91     0.65     0.91     1.04     0.91     1.04     0.91     0.00
    1996        3       14     0.91     0.65     0.65     0.65     0.65     1.04     0.65     0.00     0.91     0.65     0.91     1.04     0.91     1.04     0.91     0.00
    1996        3       15     0.91     0.65     0.65     0.65     0.65     1.04     0.65     0.00     0.91     0.65     0.91     1.04     0.91     1.04     0.91     0.00
    1996        3       16     0.91     0.65     0.65     0.65     0.65     1.04     0.65     0.00     0.91     0.65     0.91     1.04     0.91     1.04     0.91     0.00
    1996        3       17     0.91     0.65     0.65     0.65     0.65     1.04     0.65     0.00     0.91     0.65     0.91     1.04     0.91     1.04     0.91     0.00
    1996        3       18     0.91     0.65     0.65     0.65     0.65     1.04     0.65     0.00     0.91     0.65     0.91     1.04     0.91     1.04     0.91     0.00
    1996        3       19     0.91     0.65     0.65     0.65     0.65     1.04     0.65     0.00     0.91     0.65     0.91     1.04     0.91     1.04     0.91     0.00
    1996        3       20     0.91     0.65     0.65     0.65     0.65     1.04     0.65     0.00     0.91     0.65     0.91     1.04     0.91     1.04     0.91     0.00
    1996        3       21     0.91     0.52     0.52     0.52     0.52     1.04     0.52     0.00     0.91     0.78     0.91     1.04     0.91     1.04     0.91     0.00
    1996        3       22     0.91     0.52     0.52     0.52     0.52     1.04     0.52     0.00     0.91     0.78     0.91     1.04     0.91     1.04     0.91     0.00
    1996        3       23     0.91     0.52     0.52     0.52     0.52     1.04     0.52     0.00     0.91     0.78     0.91     1.04     0.91     1.04     0.91     0.00
    1996        3       24     0.91     0.52     0.52     0.52     0.52     1.04     0.52     0.00     0.91     0.78     0.91     1.04     0.91     1.04     0.91     0.00
    1996        3       25     0.91     0.52     0.52     0.52     0.52     1.04     0.52     0.00     0.91     0.78     0.91     1.04     0.91     1.04     0.91     0.00
    1996        3       26     0.91     0.52     0.52     0.52     0.52     1.04     0.52     0.00     0.91     0.78     0.91     1.04     0.91     1.04     0.91     0.00
    1996        3       27     0.91     0.52     0.52     0.52     0.52     1.04     0.52     0.00     0.91     0.78     0.91     1.04     0.91     1.04     0.91     0.00
    1996        3       28     0.91     0.52     0.52     0.52     0.52     1.04     0.52     0.00     0.91     0.78     0.91     1.04     0.91     1.04     0.91     0.00
    1996        3       29     0.91     0.52     0.52     0.52     0.52     1.04     0.52     0.00     0.91     0.78     0.91     1.04     0.91     1.04     0.91     0.00
    1996        3       30     0.91     0.52     0.52     0.52     0.52     1.04     0.52     0.00     0.91     0.78     0.91     1.04     0.91     1.04     0.91     0.00
    1996        3       31     0.91     0.52     0.52     0.52     0.52     1.04     0.52     0.00     0.91     0.78     0.91     1.04     0.91     1.04     0.91     0.00
    1996        4        1     1.04     0.52     0.52     0.52     0.52     1.04     0.52     0.00     1.04     0.91     1.04     1.04     1.04     1.04     1.04     0.00
    1996        4        2     1.04     0.52     0.52     0.52     0.52     1.04     0.52     0.00     1.04     0.91     1.04     1.04     1.04     1.04     1.04     0.00
    1996        4        3     1.04     0.52     0.52     0.52     0.52     1.04     0.52     0.00     1.04     0.91     1.04     1.04     1.04     1.04     1.04     0.00
    1996        4        4     1.04     0.52     0.52     0.52     0.52     1.04     0.52     0.00     1.04     0.91     1.04     1.04     1.04     1.04     1.04     0.00
    1996        4        5     1.04     0.52     0.52     0.52     0.52     1.04     0.52     0.00     1.04     0.91     1.04     1.04     1.04     1.04     1.04     0.00
    1996        4        6     1.04     0.52     0.52     0.52     0.52     1.04     0.52     0.00     1.04     0.91     1.04     1.04     1.04     1.04     1.04     0.00
    1996        4        7     1.04     0.52     0.52     0.52     0.52     1.04     0.52     0.00     1.04     0.91     1.04     1.04     1.04     1.04     1.04     0.00
    1996        4        8     1.04     0.52     0.52     0.52     0.52     1.04     0.52     0.00     1.04     0.91     1.04     1.04     1.04     1.04     1.04     0.00
    1996        4        9     1.04     0.52     0.52     0.52     0.52     1.04     0.52     0.00     1.04     0.91     1.04     1.04     1.04     1.04     1.04     0.00
    1996        4       10     1.04     0.52     0.52     0.52     0.52     1.04     0.52     0.00     1.04     0.91     1.04     1.04     1.04     1.04     1.04     0.00
    1996        4       11     1.04     0.39     0.39     0.39     0.65     1.04     0.39     0.00     1.04     0.91     1.04     1.04     1.04     1.04     1.04     0.00
    1996        4       12     1.04     0.39     0.39     0.39     0.65     1.04     0.39     0.00     1.04     0.91     1.04     1.04     1.04     1.04     1.04     0.00
    1996        4       13     1.04     0.39     0.39     0.39     0.65     1.04     0.39     0.00     1.04     0.91     1.04     1.04     1.04     1.04     1.04     0.00
    1996        4       14     1.04     0.39     0.39     0.39     0.65     1.04     0.39     0.00     1.04     0.91     1.04     1.04     1.04     1.04     1.04     0.00
    1996        4       15     1.04     0.39     0.39     0.39     0.65     1.04     0.39     0.00     1.04     0.91     1.04     1.04     1.04     1.04     1.04     0.00
    1996        4       16     1.04     0.39     0.39     0.39     0.65     1.04     0.39     0.00     1.04     0.91     1.04     1.04     1.04     1.04     1.04     0.00
    1996        4       17     1.04     0.39     0.39     0.39     0.65     1.04     0.39     0.00     1.04     0.91     1.04     1.04     1.04     1.04     1.04     0.00
    1996        4       18     1.04     0.39     0.39     0.39     0.65     1.04     0.39     0.00     1.04     0.91     1.04     1.04     1.04     1.04     1.04     0.00
    1996        4       19     1.04     0.39     0.39     0.39     0.65     1.04     0.39     0.00     1.04     0.91     1.04     1.04     1.04     1.04     1.04     0.00
    1996        4       20     1.04     0.39     0.39     0.39     0.65     1.04     0.39     0.00     1.04     0.91     1.04     1.04     1.04     1.04     1.04     0.00
    1996        4       21     1.04     0.26     0.26     0.26     0.78     1.04     0.26     0.00     1.04     0.91     1.04     1.04     1.04     1.04     1.04     0.00
    1996        4       22     1.04     0.26     0.26     0.26     0.78     1.04     0.26     0.00     1.04     0.91     1.04     1.04     1.04     1.04     1.04     0.00
    1996        4       23     1.04     0.26     0.26     0.26     0.78     1.04     0.26     0.00     1.04     0.91     1.04     1.04     1.04     1.04     1.04     0.00
    1996        4       24     1.04     0.26     0.26     0.26     0.78     1.04     0.26     0.00     1.04     0.91     1.04     1.04     1.04     1.04     1.04     0.00
    1996        4       25     1.04     0.26     0.26     0.26     0.78     1.04     0.26     0.00     1.04     0.91     1.04     1.04     1.04     1.04     1.04     0.00
    1996        4       26     1.04     0.26     0.26     0.26     0.78     1.04     0.26     0.00     1.04     0.91     1.04     1.04     1.04     1.04     1.04     0.00
    1996        4       27     1.04     0.26     0.26     0.26     0.78     1.04     0.26     0.00     1.04     0.91     1.04     1.04     1.04     1.04     1.04     0.00
    1996        4       28     1.04     0.26     0.26     0.26     0.78     1.04     0.26     0.00     1.04     0.91     1.04     1.04     1.04     1.04     1.04     0.00
    1996        4       29     1.04     0.26     0.26     0.26     0.78     1.04     0.26     0.00     1.04     0.91     1.04     1.04     1.04     1.04     1.04     0.00
    1996        4       30     1.04     0.26     0.26     0.26     0.78     1.04     0.26     0.00     1.04     0.91     1.04     1.04     1.04     1.04     1.04     0.00
    1996        5        1     1.04     0.52     0.52     0.52     0.91     1.04     0.13     0.00     1.04     1.04     1.04     1.04     1.04     1.04     1.04     0.00
    1996        5        2     1.04     0.52     0.52     0.52     0.91     1.04     0.13     0.00     1.04     1.04     1.04     1.04     1.04     1.04     1.04     0.00
    1996        5        3     1.04     0.52     0.52     0.52     0.91     1.04     0.13     0.00     1.04     1.04     1.04     1.04     1.04     1.04     1.04     0.00
    1996        5        4     1.04     0.52     0.52     0.52     0.91     1.04     0.13     0.00     1.04     1.04     1.04     1.04     1.04     1.04     1.04     0.00
    1996        5        5     1.04     0.52     0.52     0.52     0.91     1.04     0.13     0.00     1.04     1.04     1.04     1.04     1.04     1.04     1.04     0.00
    1996        5        6     1.04     0.52     0.52     0.52     0.91     1.04     0.13     0.00     1.04     1.04     1.04     1.04     1.04     1.04     1.04     0.00
    1996        5        7     1.04     0.52     0.52     0.52     0.91     1.04     0.13     0.00     1.04     1.04     1.04     1.04     1.04     1.04     1.04     0.00
    1996        5        8     1.04     0.52     0.52     0.52     0.91     1.04     0.13     0.00     1.04     1.04     1.04     1.04     1.04     1.04     1.04     0.00
    1996        5        9     1.04     0.52     0.52     0.52     0.91     1.04     0.13     0.00     1.04     1.04     1.04     1.04     1.04     1.04     1.04     0.00
    1996        5       10     1.04     0.52     0.52     0.52     0.91     1.04     0.13     0.00     1.04     1.04     1.04     1.04     1.04     1.04     1.04     0.00
    1996        5       11     1.04     0.65     0.65     0.65     1.04     1.04     0.13     0.00     1.04     1.04     1.04     1.04     1.04     1.04     1.04     0.00
    1996        5       12     1.04     0.65     0.65     0.65     1.04     1.04     0.13     0.00     1.04     1.04     1.04     1.04     1.04     1.04     1.04     0.00
    1996        5       13     1.04     0.65     0.65     0.65     1.04     1.04     0.13     0.00     1.04     1.04     1.04     1.04     1.04     1.04     1.04     0.00
    1996        5       14     1.04     0.65     0.65     0.65     1.04     1.04     0.13     0.00     1.04     1.04     1.04     1.04     1.04     1.04     1.04     0.00
    1996        5       15     1.04     0.65     0.65     0.65     1.04     1.04     0.13     0.00     1.04     1.04     1.04     1.04     1.04     1.04     1.04     0.00
    1996        5       16     1.04     0.65     0.65     0.65     1.04     1.04     0.13     0.00     1.04     1.04     1.04     1.04     1.04     1.04     1.04     0.00
    1996        5       17     1.04     0.65     0.65     0.65     1.04     1.04     0.13     0.00     1.04     1.04     1.04     1.04     1.04     1.04     1.04     0.00
    1996        5       18     1.04     0.65     0.65     0.65     1.04     1.04     0.13     0.00     1.04     1.04     1.04     1.04     1.04     1.04     1.04     0.00
    1996        5       19     1.04     0.65     0.65     0.65     1.04     1.04     0.13     0.00     1.04     1.04     1.04     1.04     1.04     1.04     1.04     0.00
    1996        5       20     1.04     0.65     0.65     0.65     1.04     1.04     0.13     0.00     1.04     1.04     1.04     1.04     1.04     1.04     1.04     0.00
    1996        5       21     1.04     0.78     0.78     0.78     1.17     1.04     0.13     0.00     1.04     1.04     1.04     1.04     1.04     1.04     1.04     0.00
    1996        5       22     1.04     0.78     0.78     0.78     1.17     1.04     0.13     0.00     1.04     1.04     1.04     1.04     1.04     1.04     1.04     0.00
    1996        5       23     1.04     0.78     0.78     0.78     1.17     1.04     0.13     0.00     1.04     1.04     1.04     1.04     1.04     1.04     1.04     0.00
    1996        5       24     1.04     0.78     0.78     0.78     1.17     1.04     0.13     0.00     1.04     1.04     1.04     1.04     1.04     1.04     1.04     0.00
    1996        5       25     1.04     0.78     0.78     0.78     1.17     1.04     0.13     0.00     1.04     1.04     1.04     1.04     1.04     1.04     1.04     0.00
    1996        5       26     1.04     0.78     0.78     0.78     1.17     1.04     0.13     0.00     1.04     1.04     1.04     1.04     1.04     1.04     1.04     0.00
    1996        5       27     1.04     0.78     0.78     0.78     1.17     1.04     0.13     0.00     1.04     1.04     1.04     1.04     1.04     1.04     1.04     0.00
    1996        5       28     1.04     0.78     0.78     0.78     1.17     1.04     0.13     0.00     1.04     1.04     1.04     1.04     1.04     1.04     1.04     0.00
    1996        5       29     1.04     0.78     0.78     0.78     1.17     1.04     0.13     0.00     1.04     1.04     1.04     1.04     1.04     1.04     1.04     0.00
    1996        5       30     1.04     0.78     0.78     0.78     1.17     1.04     0.13     0.00     1.04     1.04     1.04     1.04     1.04     1.04     1.04     0.00
    1996        5       31     1.04     0.78     0.78     0.78     1.17     1.04     0.13     0.00     1.04     1.04     1.04     1.04     1.04     1.04     1.04     0.00
    1996        6        1     1.05     0.92     0.92     0.92     1.31     1.05     0.13     0.00     1.05     1.05     1.05     1.05     1.05     1.05     1.05     0.00
    1996        6        2     1.05     0.92     0.92     0.92     1.31     1.05     0.13     0.00     1.05     1.05     1.05     1.05     1.05     1.05     1.05     0.00
    1996        6        3     1.05     0.92     0.92     0.92     1.31     1.05     0.13     0.00     1.05     1.05     1.05     1.05     1.05     1.05     1.05     0.00
    1996        6        4     1.05     0.92     0.92     0.92     1.31     1.05     0.13     0.00     1.05     1.05     1.05     1.05     1.05     1.05     1.05     0.00
    1996        6        5     1.05     0.92     0.92     0.92     1.31     1.05     0.13     0.00     1.05     1.05     1.05     1.05     1.05     1.05     1.05     0.00
    1996        6        6     1.05     0.92     0.92     0.92     1.31     1.05     0.13     0.00     1.05     1.05     1.05     1.05     1.05     1.05     1.05     0.00
    1996        6        7     1.05     0.92     0.92     0.92     1.31     1.05     0.13     0.00     1.05     1.05     1.05     1.05     1.05     1.05     1.05     0.00
    1996        6        8     1.05     0.92     0.92     0.92     1.31     1.05     0.13     0.00     1.05     1.05     1.05     1.05     1.05     1.05     1.05     0.00
    1996        6        9     1.05     0.92     0.92     0.92     1.31     1.05     0.13     0.00     1.05     1.05     1.05     1.05     1.05     1.05     1.05     0.00
    1996        6       10     1.05     0.92     0.92     0.92     1.31     1.05     0.13     0.00     1.05     1.05     1.05     1.05     1.05     1.05     1.05     0.00
    1996        6       11     1.05     1.05     1.05     1.05     1.31     1.05     0.13     0.00     1.05     1.05     1.05     1.05     1.05     1.05     1.05     0.00
    1996        6       12     1.05     1.05     1.05     1.05     1.31     1.05     0.13     0.00     1.05     1.05     1.05     1.05     1.05     1.05     1.05     0.00
    1996        6       13     1.05     1.05     1.05     1.05     1.31     1.05     0.13     0.00     1.05     1.05     1.05     1.05     1.05     1.05     1.05     0.00
    1996        6       14     1.05     1.05     1.05     1.05     1.31     1.05     0.13     0.00     1.05     1.05     1.05     1.05     1.05     1.05     1.05     0.00
    1996        6       15     1.05     1.05     1.05     1.05     1.31     1.05     0.13     0.00     1.05     1.05     1.05     1.05     1.05     1.05     1.05     0.00
    1996        6       16     1.05     1.05     1.05     1.05     1.31     1.05     0.13     0.00     1.05     1.05     1.05     1.05     1.05     1.05     1.05     0.00
    1996        6       17     1.05     1.05     1.05     1.05     1.31     1.05     0.13     0.00     1.05     1.05     1.05     1.05     1.05     1.05     1.05     0.00
    1996        6       18     1.05     1.05     1.05     1.05     1.31     1.05     0.13     0.00     1.05     1.05     1.05     1.05     1.05     1.05     1.05     0.00
    1996        6       19     1.05     1.05     1.05     1.05     1.31     1.05     0.13     0.00     1.05     1.05     1.05     1.05     1.05     1.05     1.05     0.00
    1996        6       20     1.05     1.05     1.05     1.05     1.31     1.05     0.13     0.00     1.05     1.05     1.05     1.05     1.05     1.05     1.05     0.00
    1996        6       21     1.05     1.18     1.18     1.18     1.18     1.05     0.13     0.00     1.05     0.92     1.05     1.05     1.05     1.05     1.05     0.00
    1996        6       22     1.05     1.18     1.18     1.18     1.18     1.05     0.13     0.00     1.05     0.92     1.05     1.05     1.05     1.05     1.05     0.00
    1996        6       23     1.05     1.18     1.18     1.18     1.18     1.05     0.13     0.00     1.05     0.92     1.05     1.05     1.05     1.05     1.05     0.00
    1996        6       24     1.05     1.18     1.18     1.18     1.18     1.05     0.13     0.00     1.05     0.92     1.05     1.05     1.05     1.05     1.05     0.00
    1996        6       25     1.05     1.18     1.18     1.18     1.18     1.05     0.13     0.00     1.05     0.92     1.05     1.05     1.05     1.05     1.05     0.00
    1996        6       26     1.05     1.18     1.18     1.18     1.18     1.05     0.13     0.00     1.05     0.92     1.05     1.05     1.05     1.05     1.05     0.00
    1996        6       27     1.05     1.18     1.18     1.18     1.18     1.05     0.13     0.00     1.05     0.92     1.05     1.05     1.05     1.05     1.05     0.00
    1996        6       28     1.05     1.18     1.18     1.18     1.18     1.05     0.13     0.00     1.05     0.92     1.05     1.05     1.05     1.05     1.05     0.00
    1996        6       29     1.05     1.18     1.18     1.18     1.18     1.05     0.13     0.00     1.05     0.92     1.05     1.05     1.05     1.05     1.05     0.00
    1996        6       30     1.05     1.18     1.18     1.18     1.18     1.05     0.13     0.00     1.05     0.92     1.05     1.05     1.05     1.05     1.05     0.00
    1996        7        1     1.03     1.16     1.16     1.16     1.16     1.03     0.13     0.00     1.03     0.77     1.03     1.03     1.03     1.03     1.03     0.00
    1996        7        2     1.03     1.16     1.16     1.16     1.16     1.03     0.13     0.00     1.03     0.77     1.03     1.03     1.03     1.03     1.03     0.00
    1996        7        3     1.03     1.16     1.16     1.16     1.16     1.03     0.13     0.00     1.03     0.77     1.03     1.03     1.03     1.03     1.03     0.00
    1996        7        4     1.03     1.16     1.16     1.16     1.16     1.03     0.13     0.00     1.03     0.77     1.03     1.03     1.03     1.03     1.03     0.00
    1996        7        5     1.03     1.16     1.16     1.16     1.16     1.03     0.13     0.00     1.03     0.77     1.03     1.03     1.03     1.03     1.03     0.00
    1996        7        6     1.03     1.16     1.16     1.16     1.16     1.03     0.13     0.00     1.03     0.77     1.03     1.03     1.03     1.03     1.03     0.00
    1996        7        7     1.03     1.16     1.16     1.16     1.16     1.03     0.13     0.00     1.03     0.77     1.03     1.03     1.03     1.03     1.03     0.00
    1996        7        8     1.03     1.16     1.16     1.16     1.16     1.03     0.13     0.00     1.03     0.77     1.03     1.03     1.03     1.03     1.03     0.00
    1996        7        9     1.03     1.16     1.16     1.16     1.16     1.03     0.13     0.00     1.03     0.77     1.03     1.03     1.03     1.03     1.03     0.00
    1996        7       10     1.03     1.16     1.16     1.16     1.16     1.03     0.13     0.00     1.03     0.77     1.03     1.03     1.03     1.03     1.03     0.00
    1996        7       11     1.02     1.14     1.14     1.14     1.14     1.02     0.13     0.00     1.02     0.64     1.02     1.02     1.02     1.02     1.02     0.00
    1996        7       12     1.02     1.14     1.14     1.14     1.14     1.02     0.13     0.00     1.02     0.64     1.02     1.02     1.02     1.02     1.02     0.00
    1996        7       13     1.02     1.14     1.14     1.14     1.14     1.02     0.13     0.00     1.02     0.64     1.02     1.02     1.02     1.02     1.02     0.00
    1996        7       14     1.02     1.14     1.14     1.14     1.14     1.02     0.13     0.00     1.02     0.64     1.02     1.02     1.02     1.02     1.02     0.00
    1996        7       15     1.02     1.14     1.14     1.14     1.14     1.02     0.13     0.00     1.02     0.64     1.02     1.02     1.02     1.02     1.02     0.00
    1996        7       16     1.02     1.14     1.14     1.14     1.14     1.02     0.13     0.00     1.02     0.64     1.02     1.02     1.02     1.02     1.02     0.00
    1996        7       17     1.02     1.14     1.14     1.14     1.14     1.02     0.13     0.00     1.02     0.64     1.02     1.02     1.02     1.02     1.02     0.00
    1996        7       18     1.02     1.14     1.14     1.14     1.14     1.02     0.13     0.00     1.02     0.64     1.02     1.02     1.02     1.02     1.02     0.00
    1996        7       19     1.02     1.14     1.14     1.14     1.14     1.02     0.13     0.00     1.02     0.64     1.02     1.02     1.02     1.02     1.02     0.00
    1996        7       20     1.02     1.14     1.14     1.14     1.14     1.02     0.13     0.00     1.02     0.64     1.02     1.02     1.02     1.02     1.02     0.00
    1996        7       21     0.99     1.12     1.12     1.12     0.99     0.99     0.12     0.00     0.99     0.50     0.99     0.99     0.99     0.99     0.99     0.00
    1996        7       22     0.99     1.12     1.12     1.12     0.99     0.99     0.12     0.00     0.99     0.50     0.99     0.99     0.99     0.99     0.99     0.00
    1996        7       23     0.99     1.12     1.12     1.12     0.99     0.99     0.12     0.00     0.99     0.50     0.99     0.99     0.99     0.99     0.99     0.00
    1996        7       24     0.99     1.12     1.12     1.12     0.99     0.99     0.12     0.00     0.99     0.50     0.99     0.99     0.99     0.99     0.99     0.00
    1996        7       25     0.99     1.12     1.12     1.12     0.99     0.99     0.12     0.00     0.99     0.50     0.99     0.99     0.99     0.99     0.99     0.00
    1996        7       26     0.99     1.12     1.12     1.12     0.99     0.99     0.12     0.00     0.99     0.50     0.99     0.99     0.99     0.99     0.99     0.00
    1996        7       27     0.99     1.12     1.12     1.12     0.99     0.99     0.12     0.00     0.99     0.50     0.99     0.99     0.99     0.99     0.99     0.00
    1996        7       28     0.99     1.12     1.12     1.12     0.99     0.99     0.12     0.00     0.99     0.50     0.99     0.99     0.99     0.99     0.99     0.00
    1996        7       29     0.99     1.12     1.12     1.12     0.99     0.99     0.12     0.00     0.99     0.50     0.99     0.99     0.99     0.99     0.99     0.00
    1996        7       30     0.99     1.12     1.12     1.12     0.99     0.99     0.12     0.00     0.99     0.50     0.99     0.99     0.99     0.99     0.99     0.00
    1996        7       31     0.99     1.12     1.12     1.12     0.99     0.99     0.12     0.00     0.99     0.50     0.99     0.99     0.99     0.99     0.99     0.00
    1996        8        1     0.97     1.09     1.09     1.09     0.73     0.97     0.12     0.00     0.97     0.12     0.97     0.97     0.97     0.97     0.97     0.00
    1996        8        2     0.97     1.09     1.09     1.09     0.73     0.97     0.12     0.00     0.97     0.12     0.97     0.97     0.97     0.97     0.97     0.00
    1996        8        3     0.97     1.09     1.09     1.09     0.73     0.97     0.12     0.00     0.97     0.12     0.97     0.97     0.97     0.97     0.97     0.00
    1996        8        4     0.97     1.09     1.09     1.09     0.73     0.97     0.12     0.00     0.97     0.12     0.97     0.97     0.97     0.97     0.97     0.00
    1996        8        5     0.97     1.09     1.09     1.09     0.73     0.97     0.12     0.00     0.97     0.12     0.97     0.97     0.97     0.97     0.97     0.00
    1996        8        6     0.97     1.09     1.09     1.09     0.73     0.97     0.12     0.00     0.97     0.12     0.97     0.97     0.97     0.97     0.97     0.00
    1996        8        7     0.97     1.09     1.09     1.09     0.73     0.97     0.12     0.00     0.97     0.12     0.97     0.97     0.97     0.97     0.97     0.00
    1996        8        8     0.97     1.09     1.09     1.09     0.73     0.97     0.12     0.00     0.97     0.12     0.97     0.97     0.97     0.97     0.97     0.00
    1996        8        9     0.97     1.09     1.09     1.09     0.73     0.97     0.12     0.00     0.97     0.12     0.97     0.97     0.97     0.97     0.97     0.00
    1996        8       10     0.97     1.09     1.09     1.09     0.73     0.97     0.12     0.00     0.97     0.12     0.97     0.97     0.97     0.97     0.97     0.00
    1996        8       11     0.95     1.07     0.95     1.07     0.36     0.95     0.12     0.00     0.95     0.12     0.95     0.95     0.95     0.95     0.95     0.00
    1996        8       12     0.95     1.07     0.95     1.07     0.36     0.95     0.12     0.00     0.95     0.12     0.95     0.95     0.95     0.95     0.95     0.00
    1996        8       13     0.95     1.07     0.95     1.07     0.36     0.95     0.12     0.00     0.95     0.12     0.95     0.95     0.95     0.95     0.95     0.00
    1996        8       14     0.95     1.07     0.95     1.07     0.36     0.95     0.12     0.00     0.95     0.12     0.95     0.95     0.95     0.95     0.95     0.00
    1996        8       15     0.95     1.07     0.95     1.07     0.36     0.95     0.12     0.00     0.95     0.12     0.95     0.95     0.95     0.95     0.95     0.00
    1996        8       16     0.95     1.07     0.95     1.07     0.36     0.95     0.12     0.00     0.95     0.12     0.95     0.95     0.95     0.95     0.95     0.00
    1996        8       17     0.95     1.07     0.95     1.07     0.36     0.95     0.12     0.00     0.95     0.12     0.95     0.95     0.95     0.95     0.95     0.00
    1996        8       18     0.95     1.07     0.95     1.07     0.36     0.95     0.12     0.00     0.95     0.12     0.95     0.95     0.95     0.95     0.95     0.00
    1996        8       19     0.95     1.07     0.95     1.07     0.36     0.95     0.12     0.00     0.95     0.12     0.95     0.95     0.95     0.95     0.95     0.00
    1996        8       20     0.95     1.07     0.95     1.07     0.36     0.95     0.12     0.00     0.95     0.12     0.95     0.95     0.95     0.95     0.95     0.00
    1996        8       21     0.94     1.06     0.83     1.06     0.24     0.94     0.12     0.00     0.94     0.12     0.94     0.94     0.94     0.94     0.94     0.00
    1996        8       22     0.94     1.06     0.83     1.06     0.24     0.94     0.12     0.00     0.94     0.12     0.94     0.94     0.94     0.94     0.94     0.00
    1996        8       23     0.94     1.06     0.83     1.06     0.24     0.94     0.12     0.00     0.94     0.12     0.94     0.94     0.94     0.94     0.94     0.00
    1996        8       24     0.94     1.06     0.83     1.06     0.24     0.94     0.12     0.00     0.94     0.12     0.94     0.94     0.94     0.94     0.94     0.00
    1996        8       25     0.94     1.06     0.83     1.06     0.24     0.94     0.12     0.00     0.94     0.12     0.94     0.94     0.94     0.94     0.94     0.00
    1996        8       26     0.94     1.06     0.83     1.06     0.24     0.94     0.12     0.00     0.94     0.12     0.94     0.94     0.94     0.94     0.94     0.00
    1996        8       27     0.94     1.06     0.83     1.06     0.24     0.94     0.12     0.00     0.94     0.12     0.94     0.94     0.94     0.94     0.94     0.00
    1996        8       28     0.94     1.06     0.83     1.06     0.24     0.94     0.12     0.00     0.94     0.12     0.94     0.94     0.94     0.94     0.94     0.00
    1996        8       29     0.94     1.06     0.83     1.06     0.24     0.94     0.12     0.00     0.94     0.12     0.94     0.94     0.94     0.94     0.94     0.00
    1996        8       30     0.94     1.06     0.83     1.06     0.24     0.94     0.12     0.00     0.94     0.12     0.94     0.94     0.94     0.94     0.94     0.00
    1996        8       31     0.94     1.06     0.83     1.06     0.24     0.94     0.12     0.00     0.94     0.12     0.94     0.94     0.94     0.94     0.94     0.00
    1996        9        1     0.94     1.05     0.70     1.05     0.23     0.94     0.23     0.00     0.94     0.23     0.94     0.94     0.94     0.94     0.94     0.00
    1996        9        2     0.94     1.05     0.70     1.05     0.23     0.94     0.23     0.00     0.94     0.23     0.94     0.94     0.94     0.94     0.94     0.00
    1996        9        3     0.94     1.05     0.70     1.05     0.23     0.94     0.23     0.00     0.94     0.23     0.94     0.94     0.94     0.94     0.94     0.00
    1996        9        4     0.94     1.05     0.70     1.05     0.23     0.94     0.23     0.00     0.94     0.23     0.94     0.94     0.94     0.94     0.94     0.00
    1996        9        5     0.94     1.05     0.70     1.05     0.23     0.94     0.23     0.00     0.94     0.23     0.94     0.94     0.94     0.94     0.94     0.00
    1996        9        6     0.94     1.05     0.70     1.05     0.23     0.94     0.23     0.00     0.94     0.23     0.94     0.94     0.94     0.94     0.94     0.00
    1996        9        7     0.94     1.05     0.70     1.05     0.23     0.94     0.23     0.00     0.94     0.23     0.94     0.94     0.94     0.94     0.94     0.00
    1996        9        8     0.94     1.05     0.70     1.05     0.23     0.94     0.23     0.00     0.94     0.23     0.94     0.94     0.94     0.94     0.94     0.00
    1996        9        9     0.94     1.05     0.70     1.05     0.23     0.94     0.23     0.00     0.94     0.23     0.94     0.94     0.94     0.94     0.94     0.00
    1996        9       10     0.94     1.05     0.70     1.05     0.23     0.94     0.23     0.00     0.94     0.23     0.94     0.94     0.94     0.94     0.94     0.00
    1996        9       11     0.94     1.05     0.59     1.05     0.35     0.94     0.35     0.00     0.94     0.35     0.94     0.94     0.94     0.94     0.94     0.00
    1996        9       12     0.94     1.05     0.59     1.05     0.35     0.94     0.35     0.00     0.94     0.35     0.94     0.94     0.94     0.94     0.94     0.00
    1996        9       13     0.94     1.05     0.59     1.05     0.35     0.94     0.35     0.00     0.94     0.35     0.94     0.94     0.94     0.94     0.94     0.00
    1996        9       14     0.94     1.05     0.59     1.05     0.35     0.94     0.35     0.00     0.94     0.35     0.94     0.94     0.94     0.94     0.94     0.00
    1996        9       15     0.94     1.05     0.59     1.05     0.35     0.94     0.35     0.00     0.94     0.35     0.94     0.94     0.94     0.94     0.94     0.00
    1996        9       16     0.94     1.05     0.59     1.05     0.35     0.94     0.35     0.00     0.94     0.35     0.94     0.94     0.94     0.94     0.94     0.00
    1996        9       17     0.94     1.05     0.59     1.05     0.35     0.94     0.35     0.00     0.94     0.35     0.94     0.94     0.94     0.94     0.94     0.00
    1996        9       18     0.94     1.05     0.59     1.05     0.35     0.94     0.35     0.00     0.94     0.35     0.94     0.94     0.94     0.94     0.94     0.00
    1996        9       19     0.94     1.05     0.59     1.05     0.35     0.94     0.35     0.00     0.94     0.35     0.94     0.94     0.94     0.94     0.94     0.00
    1996        9       20     0.94     1.05     0.59     1.05     0.35     0.94     0.35     0.00     0.94     0.35     0.94     0.94     0.94     0.94     0.94     0.00
    1996        9       21     0.94     1.05     0.47     1.05     0.47     0.94     0.47     0.00     0.94     0.47     0.94     0.94     0.94     0.94     0.94     0.00
    1996        9       22     0.94     1.05     0.47     1.05     0.47     0.94     0.47     0.00     0.94     0.47     0.94     0.94     0.94     0.94     0.94     0.00
    1996        9       23     0.94     1.05     0.47     1.05     0.47     0.94     0.47     0.00     0.94     0.47     0.94     0.94     0.94     0.94     0.94     0.00
    1996        9       24     0.94     1.05     0.47     1.05     0.47     0.94     0.47     0.00     0.94     0.47     0.94     0.94     0.94     0.94     0.94     0.00
    1996        9       25     0.94     1.05     0.47     1.05     0.47     0.94     0.47     0.00     0.94     0.47     0.94     0.94     0.94     0.94     0.94     0.00
    1996        9       26     0.94     1.05     0.47     1.05     0.47     0.94     0.47     0.00     0.94     0.47     0.94     0.94     0.94     0.94     0.94     0.00
    1996        9       27     0.94     1.05     0.47     1.05     0.47     0.94     0.47     0.00     0.94     0.47     0.94     0.94     0.94     0.94     0.94     0.00
    1996        9       28     0.94     1.05     0.47     1.05     0.47     0.94     0.47     0.00     0.94     0.47     0.94     0.94     0.94     0.94     0.94     0.00
    1996        9       29     0.94     1.05     0.47     1.05     0.47     0.94     0.47     0.00     0.94     0.47     0.94     0.94     0.94     0.94     0.94     0.00
    1996        9       30     0.94     1.05     0.47     1.05     0.47     0.94     0.47     0.00     0.94     0.47     0.94     0.94     0.94     0.94     0.94     0.00
    1996       10        1     0.70     0.40     0.40     0.40     0.40     0.80     0.40     0.00     0.70     0.40     0.70     0.80     0.70     0.80     0.70     0.00
    1996       10        2     0.70     0.40     0.40     0.40     0.40     0.80     0.40     0.00     0.70     0.40     0.70     0.80     0.70     0.80     0.70     0.00
    1996       10        3     0.70     0.40     0.40     0.40     0.40     0.80     0.40     0.00     0.70     0.40     0.70     0.80     0.70     0.80     0.70     0.00
    1996       10        4     0.70     0.40     0.40     0.40     0.40     0.80     0.40     0.00     0.70     0.40     0.70     0.80     0.70     0.80     0.70     0.00
    1996       10        5     0.70     0.40     0.40     0.40     0.40     0.80     0.40     0.00     0.70     0.40     0.70     0.80     0.70     0.80     0.70     0.00
    1996       10        6     0.70     0.40     0.40     0.40     0.40     0.80     0.40     0.00     0.70     0.40     0.70     0.80     0.70     0.80     0.70     0.00
    1996       10        7     0.70     0.40     0.40     0.40     0.40     0.80     0.40     0.00     0.70     0.40     0.70     0.80     0.70     0.80     0.70     0.00
    1996       10        8     0.70     0.40     0.40     0.40     0.40     0.80     0.40     0.00     0.70     0.40     0.70     0.80     0.70     0.80     0.70     0.00
    1996       10        9     0.70     0.40     0.40     0.40     0.40     0.80     0.40     0.00     0.70     0.40     0.70     0.80     0.70     0.80     0.70     0.00
    1996       10       10     0.70     0.40     0.40     0.40     0.40     0.80     0.40     0.00     0.70     0.40     0.70     0.80     0.70     0.80     0.70     0.00
    1996       10       11     0.63     0.45     0.45     0.45     0.45     0.72     0.45     0.00     0.63     0.45     0.63     0.72     0.63     0.72     0.63     0.00
    1996       10       12     0.63     0.45     0.45     0.45     0.45     0.72     0.45     0.00     0.63     0.45     0.63     0.72     0.63     0.72     0.63     0.00
    1996       10       13     0.63     0.45     0.45     0.45     0.45     0.72     0.45     0.00     0.63     0.45     0.63     0.72     0.63     0.72     0.63     0.00
    1996       10       14     0.63     0.45     0.45     0.45     0.45     0.72     0.45     0.00     0.63     0.45     0.63     0.72     0.63     0.72     0.63     0.00
    1996       10       15     0.63     0.45     0.45     0.45     0.45     0.72     0.45     0.00     0.63     0.45     0.63     0.72     0.63     0.72     0.63     0.00
    1996       10       16     0.63     0.45     0.45     0.45     0.45     0.72     0.45     0.00     0.63     0.45     0.63     0.72     0.63     0.72     0.63     0.00
    1996       10       17     0.63     0.45     0.45     0.45     0.45     0.72     0.45     0.00     0.63     0.45     0.63     0.72     0.63     0.72     0.63     0.00
    1996       10       18     0.63     0.45     0.45     0.45     0.45     0.72     0.45     0.00     0.63     0.45     0.63     0.72     0.63     0.72     0.63     0.00
    1996       10       19     0.63     0.45     0.45     0.45     0.45     0.72     0.45     0.00     0.63     0.45     0.63     0.72     0.63     0.72     0.63     0.00
    1996       10       20     0.63     0.45     0.45     0.45     0.45     0.72     0.45     0.00     0.63     0.45     0.63     0.72     0.63     0.72     0.63     0.00
    1996       10       21     0.63     0.45     0.45     0.45     0.45     0.72     0.45     0.00     0.63     0.45     0.63     0.72     0.63     0.72     0.63     0.00
    1996       10       22     0.56     0.48     0.48     0.48     0.48     0.64     0.48     0.00     0.56     0.48     0.56     0.64     0.56     0.64     0.56     0.00
    1996       10       23     0.56     0.48     0.48     0.48     0.48     0.64     0.48     0.00     0.56     0.48     0.56     0.64     0.56     0.64     0.56     0.00
    1996       10       24     0.56     0.48     0.48     0.48     0.48     0.64     0.48     0.00     0.56     0.48     0.56     0.64     0.56     0.64     0.56     0.00
    1996       10       25     0.56     0.48     0.48     0.48     0.48     0.64     0.48     0.00     0.56     0.48     0.56     0.64     0.56     0.64     0.56     0.00
    1996       10       26     0.56     0.48     0.48     0.48     0.48     0.64     0.48     0.00     0.56     0.48     0.56     0.64     0.56     0.64     0.56     0.00
    1996       10       27     0.56     0.48     0.48     0.48     0.48     0.64     0.48     0.00     0.56     0.48     0.56     0.64     0.56     0.64     0.56     0.00
    1996       10       28     0.56     0.48     0.48     0.48     0.48     0.64     0.48     0.00     0.56     0.48     0.56     0.64     0.56     0.64     0.56     0.00
    1996       10       29     0.56     0.48     0.48     0.48     0.48     0.64     0.48     0.00     0.56     0.48     0.56     0.64     0.56     0.64     0.56     0.00
    1996       10       30     0.56     0.48     0.48     0.48     0.48     0.64     0.48     0.00     0.56     0.48     0.56     0.64     0.56     0.64     0.56     0.00
    1996       10       31     0.56     0.48     0.48     0.48     0.48     0.64     0.48     0.00     0.56     0.48     0.56     0.64     0.56     0.64     0.56     0.00
    1996       11        1     0.56     0.56     0.56     0.56     0.56     0.64     0.56     0.00     0.56     0.56     0.56     0.64     0.56     0.64     0.56     0.00
    1996       11        2     0.56     0.56     0.56     0.56     0.56     0.64     0.56     0.00     0.56     0.56     0.56     0.64     0.56     0.64     0.56     0.00
    1996       11        3     0.56     0.56     0.56     0.56     0.56     0.64     0.56     0.00     0.56     0.56     0.56     0.64     0.56     0.64     0.56     0.00
    1996       11        4     0.56     0.56     0.56     0.56     0.56     0.64     0.56     0.00     0.56     0.56     0.56     0.64     0.56     0.64     0.56     0.00
    1996       11        5     0.56     0.56     0.56     0.56     0.56     0.64     0.56     0.00     0.56     0.56     0.56     0.64     0.56     0.64     0.56     0.00
    1996       11        6     0.56     0.56     0.56     0.56     0.56     0.64     0.56     0.00     0.56     0.56     0.56     0.64     0.56     0.64     0.56     0.00
    1996       11        7     0.56     0.56     0.56     0.56     0.56     0.64     0.56     0.00     0.56     0.56     0.56     0.64     0.56     0.64     0.56     0.00
    1996       11        8     0.56     0.56     0.56     0.56     0.56     0.64     0.56     0.00     0.56     0.56     0.56     0.64     0.56     0.64     0.56     0.00
    1996       11        9     0.56     0.56     0.56     0.56     0.56     0.64     0.56     0.00     0.56     0.56     0.56     0.64     0.56     0.64     0.56     0.00
    1996       11       10     0.56     0.56     0.56     0.56     0.56     0.64     0.56     0.00     0.56     0.56     0.56     0.64     0.56     0.64     0.56     0.00
    1996       11       11     0.49     0.56     0.56     0.56     0.56     0.56     0.56     0.00     0.49     0.56     0.49     0.56     0.49     0.56     0.49     0.00
    1996       11       12     0.49     0.56     0.56     0.56     0.56     0.56     0.56     0.00     0.49     0.56     0.49     0.56     0.49     0.56     0.49     0.00
    1996       11       13     0.49     0.56     0.56     0.56     0.56     0.56     0.56     0.00     0.49     0.56     0.49     0.56     0.49     0.56     0.49     0.00
    1996       11       14     0.49     0.56     0.56     0.56     0.56     0.56     0.56     0.00     0.49     0.56     0.49     0.56     0.49     0.56     0.49     0.00
    1996       11       15     0.49     0.56     0.56     0.56     0.56     0.56     0.56     0.00     0.49     0.56     0.49     0.56     0.49     0.56     0.49     0.00
    1996       11       16     0.49     0.56     0.56     0.56     0.56     0.56     0.56     0.00     0.49     0.56     0.49     0.56     0.49     0.56     0.49     0.00
    1996       11       17     0.49     0.56     0.56     0.56     0.56     0.56     0.56     0.00     0.49     0.56     0.49     0.56     0.49     0.56     0.49     0.00
    1996       11       18     0.49     0.56     0.56     0.56     0.56     0.56     0.56     0.00     0.49     0.56     0.49     0.56     0.49     0.56     0.49     0.00
    1996       11       19     0.49     0.56     0.56     0.56     0.56     0.56     0.56     0.00     0.49     0.56     0.49     0.56     0.49     0.56     0.49     0.00
    1996       11       20     0.49     0.56     0.56     0.56     0.56     0.56     0.56     0.00     0.49     0.56     0.49     0.56     0.49     0.56     0.49     0.00
    1996       11       21     0.42     0.48     0.48     0.48     0.48     0.48     0.48     0.00     0.42     0.48     0.42     0.48     0.42     0.48     0.42     0.00
    1996       11       22     0.42     0.48     0.48     0.48     0.48     0.48     0.48     0.00     0.42     0.48     0.42     0.48     0.42     0.48     0.42     0.00
    1996       11       23     0.42     0.48     0.48     0.48     0.48     0.48     0.48     0.00     0.42     0.48     0.42     0.48     0.42     0.48     0.42     0.00
    1996       11       24     0.42     0.48     0.48     0.48     0.48     0.48     0.48     0.00     0.42     0.48     0.42     0.48     0.42     0.48     0.42     0.00
    1996       11       25     0.42     0.48     0.48     0.48     0.48     0.48     0.48     0.00     0.42     0.48     0.42     0.48     0.42     0.48     0.42     0.00
    1996       11       26     0.42     0.48     0.48     0.48     0.48     0.48     0.48     0.00     0.42     0.48     0.42     0.48     0.42     0.48     0.42     0.00
    1996       11       27     0.42     0.48     0.48     0.48     0.48     0.48     0.48     0.00     0.42     0.48     0.42     0.48     0.42     0.48     0.42     0.00
    1996       11       28     0.42     0.48     0.48     0.48     0.48     0.48     0.48     0.00     0.42     0.48     0.42     0.48     0.42     0.48     0.42     0.00
    1996       11       29     0.42     0.48     0.48     0.48     0.48     0.48     0.48     0.00     0.42     0.48     0.42     0.48     0.42     0.48     0.42     0.00
    1996       11       30     0.42     0.48     0.48     0.48     0.48     0.48     0.48     0.00     0.42     0.48     0.42     0.48     0.42     0.48     0.42     0.00
    1996       12        1     0.00     0.00     0.00     0.00     0.00     0.00     0.00     0.00     0.00     0.00     0.00     0.00     0.00     0.00     0.00     0.00
    1996       12        2     0.00     0.00     0.00     0.00     0.00     0.00     0.00     0.00     0.00     0.00     0.00     0.00     0.00     0.00     0.00     0.00
    1996       12        3     0.00     0.00     0.00     0.00     0.00     0.00     0.00     0.00     0.00     0.00     0.00     0.00     0.00     0.00     0.00     0.00
    1996       12        4     0.00     0.00     0.00     0.00     0.00     0.00     0.00     0.00     0.00     0.00     0.00     0.00     0.00     0.00     0.00     0.00
    1996       12        5     0.00     0.00     0.00     0.00     0.00     0.00     0.00     0.00     0.00     0.00     0.00     0.00     0.00     0.00     0.00     0.00
    1996       12        6     0.00     0.00     0.00     0.00     0.00     0.00     0.00     0.00     0.00     0.00     0.00     0.00     0.00     0.00     0.00     0.00
    1996       12        7     0.00     0.00     0.00     0.00     0.00     0.00     0.00     0.00     0.00     0.00     0.00     0.00     0.00     0.00     0.00     0.00
    1996       12        8     0.00     0.00     0.00     0.00     0.00     0.00     0.00     0.00     0.00     0.00     0.00     0.00     0.00     0.00     0.00     0.00
    1996       12        9     0.00     0.00     0.00     0.00     0.00     0.00     0.00     0.00     0.00     0.00     0.00     0.00     0.00     0.00     0.00     0.00
    1996       12       10     0.00     0.00     0.00     0.00     0.00     0.00     0.00     0.00     0.00     0.00     0.00     0.00     0.00     0.00     0.00     0.00
    1996       12       11     0.00     0.00     0.00     0.00     0.00     0.00     0.00     0.00     0.00     0.00     0.00     0.00     0.00     0.00     0.00     0.00
    1996       12       12     0.00     0.00     0.00     0.00     0.00     0.00     0.00     0.00     0.00     0.00     0.00     0.00     0.00     0.00     0.00     0.00
    1996       12       13     0.00     0.00     0.00     0.00     0.00     0.00     0.00     0.00     0.00     0.00     0.00     0.00     0.00     0.00     0.00     0.00
    1996       12       14     0.00     0.00     0.00     0.00     0.00     0.00     0.00     0.00     0.00     0.00     0.00     0.00     0.00     0.00     0.00     0.00
    1996       12       15     0.00     0.00     0.00     0.00     0.00     0.00     0.00     0.00     0.00     0.00     0.00     0.00     0.00     0.00     0.00     0.00
    1996       12       16     0.00     0.00     0.00     0.00     0.00     0.00     0.00     0.00     0.00     0.00     0.00     0.00     0.00     0.00     0.00     0.00
    1996       12       17     0.00     0.00     0.00     0.00     0.00     0.00     0.00     0.00     0.00     0.00     0.00     0.00     0.00     0.00     0.00     0.00
    1996       12       18     0.00     0.00     0.00     0.00     0.00     0.00     0.00     0.00     0.00     0.00     0.00     0.00     0.00     0.00     0.00     0.00
    1996       12       19     0.00     0.00     0.00     0.00     0.00     0.00     0.00     0.00     0.00     0.00     0.00     0.00     0.00     0.00     0.00     0.00
    1996       12       20     0.00     0.00     0.00     0.00     0.00     0.00     0.00     0.00     0.00     0.00     0.00     0.00     0.00     0.00     0.00     0.00
    1996       12       21     0.00     0.00     0.00     0.00     0.00     0.00     0.00     0.00     0.00     0.00     0.00     0.00     0.00     0.00     0.00     0.00
    1996       12       22     0.00     0.00     0.00     0.00     0.00     0.00     0.00     0.00     0.00     0.00     0.00     0.00     0.00     0.00     0.00     0.00
    1996       12       23     0.00     0.00     0.00     0.00     0.00     0.00     0.00     0.00     0.00     0.00     0.00     0.00     0.00     0.00     0.00     0.00
    1996       12       24     0.00     0.00     0.00     0.00     0.00     0.00     0.00     0.00     0.00     0.00     0.00     0.00     0.00     0.00     0.00     0.00
    1996       12       25     0.00     0.00     0.00     0.00     0.00     0.00     0.00     0.00     0.00     0.00     0.00     0.00     0.00     0.00     0.00     0.00
    1996       12       26     0.00     0.00     0.00     0.00     0.00     0.00     0.00     0.00     0.00     0.00     0.00     0.00     0.00     0.00     0.00     0.00
    1996       12       27     0.00     0.00     0.00     0.00     0.00     0.00     0.00     0.00     0.00     0.00     0.00     0.00     0.00     0.00     0.00     0.00
    1996       12       28     0.00     0.00     0.00     0.00     0.00     0.00     0.00     0.00     0.00     0.00     0.00     0.00     0.00     0.00     0.00     0.00
    1996       12       29     0.00     0.00     0.00     0.00     0.00     0.00     0.00     0.00     0.00     0.00     0.00     0.00     0.00     0.00     0.00     0.00
    1996       12       30     0.00     0.00     0.00     0.00     0.00     0.00     0.00     0.00     0.00     0.00     0.00     0.00     0.00     0.00     0.00     0.00
    1996       12       31     0.00     0.00     0.00     0.00     0.00     0.00     0.00     0.00     0.00     0.00     0.00     0.00     0.00     0.00     0.00     0.00
