*Oppervlaktewater
       1
*Namen
'0.0 Oppervlaktewater              '
*Gemiddelde          1
    1994        1        1     0.00
    1994        1        2     0.00
    1994        1        3     0.00
    1994        1        4     0.00
    1994        1        5     0.00
    1994        1        6     0.00
    1994        1        7     0.00
    1994        1        8     0.00
    1994        1        9     0.00
    1994        1       10     0.00
    1994        1       11     0.50
    1994        1       12     0.50
    1994        1       13     0.50
    1994        1       14     0.50
    1994        1       15     0.50
    1994        1       16     0.50
    1994        1       17     0.50
    1994        1       18     0.50
    1994        1       19     0.50
    1994        1       20     0.50
    1994        1       21     0.70
    1994        1       22     0.70
    1994        1       23     0.70
    1994        1       24     0.70
    1994        1       25     0.70
    1994        1       26     0.70
    1994        1       27     0.70
    1994        1       28     0.70
    1994        1       29     0.70
    1994        1       30     0.70
    1994        1       31     0.70
    1994        2        1     0.80
    1994        2        2     0.80
    1994        2        3     0.80
    1994        2        4     0.80
    1994        2        5     0.80
    1994        2        6     0.80
    1994        2        7     0.80
    1994        2        8     0.80
    1994        2        9     0.80
    1994        2       10     0.80
    1994        2       11     1.00
    1994        2       12     1.00
    1994        2       13     1.00
    1994        2       14     1.00
    1994        2       15     1.00
    1994        2       16     1.00
    1994        2       17     1.00
    1994        2       18     1.00
    1994        2       19     1.00
    1994        2       20     1.00
    1994        2       21     1.00
    1994        2       22     1.00
    1994        2       23     1.00
    1994        2       24     1.00
    1994        2       25     1.00
    1994        2       26     1.00
    1994        2       27     1.00
    1994        2       28     1.00
    1994        2       29     1.00
    1994        3        1     1.20
    1994        3        2     1.20
    1994        3        3     1.20
    1994        3        4     1.20
    1994        3        5     1.20
    1994        3        6     1.20
    1994        3        7     1.20
    1994        3        8     1.20
    1994        3        9     1.20
    1994        3       10     1.20
    1994        3       11     1.30
    1994        3       12     1.30
    1994        3       13     1.30
    1994        3       14     1.30
    1994        3       15     1.30
    1994        3       16     1.30
    1994        3       17     1.30
    1994        3       18     1.30
    1994        3       19     1.30
    1994        3       20     1.30
    1994        3       21     1.30
    1994        3       22     1.30
    1994        3       23     1.30
    1994        3       24     1.30
    1994        3       25     1.30
    1994        3       26     1.30
    1994        3       27     1.30
    1994        3       28     1.30
    1994        3       29     1.30
    1994        3       30     1.30
    1994        3       31     1.30
    1994        4        1     1.30
    1994        4        2     1.30
    1994        4        3     1.30
    1994        4        4     1.30
    1994        4        5     1.30
    1994        4        6     1.30
    1994        4        7     1.30
    1994        4        8     1.30
    1994        4        9     1.30
    1994        4       10     1.30
    1994        4       11     1.30
    1994        4       12     1.30
    1994        4       13     1.30
    1994        4       14     1.30
    1994        4       15     1.30
    1994        4       16     1.30
    1994        4       17     1.30
    1994        4       18     1.30
    1994        4       19     1.30
    1994        4       20     1.30
    1994        4       21     1.30
    1994        4       22     1.30
    1994        4       23     1.30
    1994        4       24     1.30
    1994        4       25     1.30
    1994        4       26     1.30
    1994        4       27     1.30
    1994        4       28     1.30
    1994        4       29     1.30
    1994        4       30     1.30
    1994        5        1     1.30
    1994        5        2     1.30
    1994        5        3     1.30
    1994        5        4     1.30
    1994        5        5     1.30
    1994        5        6     1.30
    1994        5        7     1.30
    1994        5        8     1.30
    1994        5        9     1.30
    1994        5       10     1.30
    1994        5       11     1.30
    1994        5       12     1.30
    1994        5       13     1.30
    1994        5       14     1.30
    1994        5       15     1.30
    1994        5       16     1.30
    1994        5       17     1.30
    1994        5       18     1.30
    1994        5       19     1.30
    1994        5       20     1.30
    1994        5       21     1.30
    1994        5       22     1.30
    1994        5       23     1.30
    1994        5       24     1.30
    1994        5       25     1.30
    1994        5       26     1.30
    1994        5       27     1.30
    1994        5       28     1.30
    1994        5       29     1.30
    1994        5       30     1.30
    1994        5       31     1.30
    1994        6        1     1.31
    1994        6        2     1.31
    1994        6        3     1.31
    1994        6        4     1.31
    1994        6        5     1.31
    1994        6        6     1.31
    1994        6        7     1.31
    1994        6        8     1.31
    1994        6        9     1.31
    1994        6       10     1.31
    1994        6       11     1.31
    1994        6       12     1.31
    1994        6       13     1.31
    1994        6       14     1.31
    1994        6       15     1.31
    1994        6       16     1.31
    1994        6       17     1.31
    1994        6       18     1.31
    1994        6       19     1.31
    1994        6       20     1.31
    1994        6       21     1.31
    1994        6       22     1.31
    1994        6       23     1.31
    1994        6       24     1.31
    1994        6       25     1.31
    1994        6       26     1.31
    1994        6       27     1.31
    1994        6       28     1.31
    1994        6       29     1.31
    1994        6       30     1.31
    1994        7        1     1.29
    1994        7        2     1.29
    1994        7        3     1.29
    1994        7        4     1.29
    1994        7        5     1.29
    1994        7        6     1.29
    1994        7        7     1.29
    1994        7        8     1.29
    1994        7        9     1.29
    1994        7       10     1.29
    1994        7       11     1.27
    1994        7       12     1.27
    1994        7       13     1.27
    1994        7       14     1.27
    1994        7       15     1.27
    1994        7       16     1.27
    1994        7       17     1.27
    1994        7       18     1.27
    1994        7       19     1.27
    1994        7       20     1.27
    1994        7       21     1.24
    1994        7       22     1.24
    1994        7       23     1.24
    1994        7       24     1.24
    1994        7       25     1.24
    1994        7       26     1.24
    1994        7       27     1.24
    1994        7       28     1.24
    1994        7       29     1.24
    1994        7       30     1.24
    1994        7       31     1.24
    1994        8        1     1.21
    1994        8        2     1.21
    1994        8        3     1.21
    1994        8        4     1.21
    1994        8        5     1.21
    1994        8        6     1.21
    1994        8        7     1.21
    1994        8        8     1.21
    1994        8        9     1.21
    1994        8       10     1.21
    1994        8       11     1.19
    1994        8       12     1.19
    1994        8       13     1.19
    1994        8       14     1.19
    1994        8       15     1.19
    1994        8       16     1.19
    1994        8       17     1.19
    1994        8       18     1.19
    1994        8       19     1.19
    1994        8       20     1.19
    1994        8       21     1.18
    1994        8       22     1.18
    1994        8       23     1.18
    1994        8       24     1.18
    1994        8       25     1.18
    1994        8       26     1.18
    1994        8       27     1.18
    1994        8       28     1.18
    1994        8       29     1.18
    1994        8       30     1.18
    1994        8       31     1.18
    1994        9        1     1.17
    1994        9        2     1.17
    1994        9        3     1.17
    1994        9        4     1.17
    1994        9        5     1.17
    1994        9        6     1.17
    1994        9        7     1.17
    1994        9        8     1.17
    1994        9        9     1.17
    1994        9       10     1.17
    1994        9       11     1.17
    1994        9       12     1.17
    1994        9       13     1.17
    1994        9       14     1.17
    1994        9       15     1.17
    1994        9       16     1.17
    1994        9       17     1.17
    1994        9       18     1.17
    1994        9       19     1.17
    1994        9       20     1.17
    1994        9       21     1.17
    1994        9       22     1.17
    1994        9       23     1.17
    1994        9       24     1.17
    1994        9       25     1.17
    1994        9       26     1.17
    1994        9       27     1.17
    1994        9       28     1.17
    1994        9       29     1.17
    1994        9       30     1.17
    1994       10        1     1.00
    1994       10        2     1.00
    1994       10        3     1.00
    1994       10        4     1.00
    1994       10        5     1.00
    1994       10        6     1.00
    1994       10        7     1.00
    1994       10        8     1.00
    1994       10        9     1.00
    1994       10       10     1.00
    1994       10       11     0.90
    1994       10       12     0.90
    1994       10       13     0.90
    1994       10       14     0.90
    1994       10       15     0.90
    1994       10       16     0.90
    1994       10       17     0.90
    1994       10       18     0.90
    1994       10       19     0.90
    1994       10       20     0.90
    1994       10       21     0.90
    1994       10       22     0.80
    1994       10       23     0.80
    1994       10       24     0.80
    1994       10       25     0.80
    1994       10       26     0.80
    1994       10       27     0.80
    1994       10       28     0.80
    1994       10       29     0.80
    1994       10       30     0.80
    1994       10       31     0.80
    1994       11        1     0.80
    1994       11        2     0.80
    1994       11        3     0.80
    1994       11        4     0.80
    1994       11        5     0.80
    1994       11        6     0.80
    1994       11        7     0.80
    1994       11        8     0.80
    1994       11        9     0.80
    1994       11       10     0.80
    1994       11       11     0.70
    1994       11       12     0.70
    1994       11       13     0.70
    1994       11       14     0.70
    1994       11       15     0.70
    1994       11       16     0.70
    1994       11       17     0.70
    1994       11       18     0.70
    1994       11       19     0.70
    1994       11       20     0.70
    1994       11       21     0.60
    1994       11       22     0.60
    1994       11       23     0.60
    1994       11       24     0.60
    1994       11       25     0.60
    1994       11       26     0.60
    1994       11       27     0.60
    1994       11       28     0.60
    1994       11       29     0.60
    1994       11       30     0.60
    1994       12        1     0.00
    1994       12        2     0.00
    1994       12        3     0.00
    1994       12        4     0.00
    1994       12        5     0.00
    1994       12        6     0.00
    1994       12        7     0.00
    1994       12        8     0.00
    1994       12        9     0.00
    1994       12       10     0.00
    1994       12       11     0.00
    1994       12       12     0.00
    1994       12       13     0.00
    1994       12       14     0.00
    1994       12       15     0.00
    1994       12       16     0.00
    1994       12       17     0.00
    1994       12       18     0.00
    1994       12       19     0.00
    1994       12       20     0.00
    1994       12       21     0.00
    1994       12       22     0.00
    1994       12       23     0.00
    1994       12       24     0.00
    1994       12       25     0.00
    1994       12       26     0.00
    1994       12       27     0.00
    1994       12       28     0.00
    1994       12       29     0.00
    1994       12       30     0.00
    1994       12       31     0.00
